version https://git-lfs.github.com/spec/v1
oid sha256:4c692f67a9682f2236433e77eeef46ff59fa5021878cddd5c3c4df5f26b5cabf
size 994998
